[0.2682600070766385, 0.28071194902628455, 0.29374187820558517, 0.3073766233002984, 0.32164425831501037, 0.3365741603776434, 0.35219707022710134, 0.3685451555085961, 0.38565207700698123, 0.4035530579544672, 0.42228495655542253, 0.44188634187759135, 0.46239757326598563, 0.48386088344296746, 0.5063204654656244, 0.5298225637194819, 0.5544155691359131, 0.5801501188292936, 0.6070792003590603, 0.6352582608313466, 0.6647453210648355, 0.6956010950559002, 0.7278891149890085, 0.7616758620497919, 0.7970309033101204, 0.8340270349670328, 0.8727404322304495, 0.9132508061682906, 0.9556415678319412, 1.0]
[11.16605618439011, 11.175879694203797, 11.19443521274076, 11.210011228301198, 11.236915255178323, 11.258214276456044, 11.276150294374126, 11.298570316771729, 11.31650633468981, 11.347894366046454, 11.375919394043457, 11.400581418680819, 11.424122442198302, 11.446542464595906, 11.471204489233266, 11.495866513870629, 11.519968037948052, 11.547580065532468, 11.576342594266235, 11.605105123, 11.636168654032467, 11.669533187363637, 11.705198722993506, 11.743165260922078, 11.784583302298701, 11.828331846003497, 11.876711894335164, 11.928631946203298, 11.985272002786713, 12.046632064085415]
[1.0622001054727548e-05, 0.03821091220608963, 0.08077183196882487, 0.12334504746240249, 0.1703949605853925, 0.21786621961689612, 0.26620920057471764, 0.31665685264922594, 0.3666043212719625, 0.42487997564778723, 0.483455291127628, 0.5380927424867465, 0.594646347278653, 0.6515058461897762, 0.7123890665150228, 0.7769218855528734, 0.8423416424357661, 0.8546853595494728, 0.8592883588152098, 0.8656753388587006, 0.8701118878056526, 0.875462516565122, 0.883090555461207, 0.8902687286196844, 0.8980429039261484, 0.9052324611088949, 0.9153866649538056, 0.9246758628448752, 0.93495657795253, 0.946286490214252]
[1.3996888769018578, 1.399046916013129, 1.400442875995413, 1.3993501175728154, 1.4002438529365708, 1.40086811080856, 1.3990607670384707, 1.3991608542380354, 1.398980939316212, 1.4006044287551738, 1.3998313174482309, 1.400801247163946, 1.3994252321960172, 1.3997394046761398, 1.3997173377021588, 1.3993685505585607, 1.400593298931471, 1.3996389488698986, 1.4003435958103172, 1.3991295119499678, 1.3997378494552941, 1.4004453077008816, 1.39968200824959, 1.3993665576912386, 1.399657005652885, 1.4007196823569679, 1.3996804635920843, 1.4000173125298572, 1.400487772583499, 1.4000108774768922]
[7.993605777301127e-15, 1.806272686977195e-09, 2.4609371651607148e-08, 1.2457535958354526e-07, 4.1548262341706277e-07, 1.0950816897725701e-06, 2.492253684982515e-06, 5.12081683345933e-06, 9.76260517804306e-06, 1.7686689511631215e-05, 3.1377722618852744e-05, 8.74618954249673e-05, 0.00027720444453982473, 0.0007277749303951087, 0.0016081697390410987, 0.003128806594355993, 0.005577166679000989, 0.00584580350980457, 0.00590310861158283, 0.0059699630372578305, 0.006035344861627712, 0.00610421341659273, 0.006184604101250768, 0.006269897518576428, 0.006359279748297864, 0.0064516988849678825, 0.006566191972070978, 0.006683792589406989, 0.006812606485736783, 0.006961802567007291]
[0.05433185929648242, 0.05472844221105528, 0.055323316582914575, 0.05571989949748744, 0.05631477386934674, 0.056909648241206034, 0.0573062311557789, 0.05790110552763819, 0.058495979899497494, 0.05928914572864322, 0.05988402010050252, 0.06067718592964824, 0.061272060301507544, 0.06206522613065327, 0.062858391959799, 0.06365155778894473, 0.0646430150753769, 0.06543618090452262, 0.06642763819095478, 0.0672208040201005, 0.06821226130653267, 0.06920371859296483, 0.06999688442211055, 0.07079005025125629, 0.07158321608040202, 0.07237638190954775, 0.0727729648241206, 0.07316954773869347, 0.0733678391959799, 0.07316954773869347]
[111.52419475134172, 377.5857041412202, 108.67203203281834, 107.70841620794613, 104.79654076834372, 103.27587643551861, 1043.5197569766067, 98.89458349667545, 96.85995968663201, 94.8298098500457, 92.77141715873046, 91.53966654734657, 92.6410547011817, 94.4958473425067, 98.07092112636273, 103.87152750594001, 392.67344198175687, 146.9493190934976, 169.26109956236655, 185.74477624601928, 200.3108150184411, 207.46891231134018, 218.85512811514488, 231.48302542436232, 241.3874245506779, 252.09828463369757, 264.0575104553756, 276.6721339912083, 291.10044742635597, 307.6814359063666]
[1.0622001054727548e-05, 0.03821091220608963, 0.08077183196882487, 0.12334504746240249, 0.1703949605853925, 0.21786621961689612, 0.26620920057471764, 0.31665685264922594, 0.3666043212719625, 0.42487997564778723, 0.46933925262798937, 0.4712690487794795, 0.47506159838255435, 0.4773353255704773, 0.4800832178401855, 0.4827114782649726, 0.4844392351334683, 0.48783985723912693, 0.4905287702294068, 0.49429634156026125, 0.49648363394985395, 0.49958738058261787, 0.5042003106205932, 0.5083502917990543, 0.5130638352824448, 0.5172845449559276, 0.523257153980909, 0.5286829899356746, 0.5347038220894671, 0.5409673411459046]
[7.993605777301127e-15, 1.806272686977195e-09, 2.4609371651607148e-08, 1.2457535958354526e-07, 4.1548262341706277e-07, 1.0950816897725701e-06, 2.492253684982515e-06, 5.12081683345933e-06, 9.76260517804306e-06, 1.7686689511631215e-05, 2.6807758916502777e-05, 2.7037919643646546e-05, 2.731103218955866e-05, 2.753556414236691e-05, 2.7792820160854603e-05, 2.806452959025485e-05, 2.8290593926394436e-05, 2.8611756083929407e-05, 2.8902986848544643e-05, 2.9248708484974628e-05, 2.9582191662047563e-05, 2.9932002102883715e-05, 3.0347389539109315e-05, 3.078538773215733e-05, 3.124376879548585e-05, 3.1715027173806476e-05, 3.230783999708109e-05, 3.2911538574653676e-05, 3.357457118169371e-05, 3.4345511986666466e-05]
[0, 0, 0, 0, 0, 0, 0, 0, 0, 0, 0, 0, 0, 0, 0, 0, 0, 0, 0, 0, 0, 0, 0, 0, 0, 0, 0, 0, 0, 0]
