[0.06842045646608959, 0.07505021977850691, 0.08232238981910002, 0.09029921411993883, 0.0990489718361738, 0.10864655819453987, 0.11917412557339192, 0.13072178670171944, 0.14338838599630663, 0.15728234563944635, 0.17252259363937228, 0.18923958181731979, 0.20757640243487108, 0.22769001301957015, 0.24975257987293686, 0.27395295176089435, 0.3004982764009451, 0.3296157735827275, 0.36155468009931707, 0.3965883831372855, 0.43501676038667736, 0.47716874690152344, 0.5234051506824272, 0.5741217410817391, 0.6297526364671175, 0.6907740201408296, 0.7577082163219157, 0.8311281610803652, 0.9116623064931254, 1.0]
[11.754670272415584, 11.760422778162338, 11.768476286207793, 11.78343280114935, 11.796088313792207, 11.814171831857642, 11.828331846003497, 11.848391866043457, 11.867271884904596, 11.892051909659841, 11.919191936772727, 11.94161195917033, 11.962851980389111, 11.985272002786713, 12.0124120298996, 12.036012053476023, 12.065512082946555, 12.098640616041958, 12.137344654707293, 12.182096199414088, 12.234104751370632, 12.29820831541009, 12.374406891532468, 12.46311348015035, 12.559755576695805, 12.615510632395106, 12.615510632395106, 12.615510632395106, 12.615510632395106, 12.615510632395106]
[-2.057713865966093e-06, 0.03686940239809822, 0.07949914903019639, 0.12771171743882803, 0.17603847716324061, 0.22939029329912053, 0.2844257422409058, 0.34515706052874506, 0.40828135857397285, 0.4749533047342318, 0.5512347422009984, 0.6225779016298603, 0.6962703796709668, 0.77857682053906, 0.868890018808445, 0.9441321450521247, 0.9494073667057368, 0.9557555611898252, 0.9647047494124887, 0.9731761080792705, 0.9818967015366074, 0.9943587132110405, 1.0095835704968685, 1.026366625290894, 1.0459778381104101, 1.0570310289906804, 1.0570310289906804, 1.0570310289906804, 1.0570310289906804, 1.0570310289906804]
[1.401039526561154, 1.399378066089625, 1.3996386260686295, 1.3995299699742727, 1.3990292540508278, 1.4003039045278083, 1.3989314323320248, 1.399245332339429, 1.3990281243015907, 1.4003526485304052, 1.3989696799251157, 1.3990218217862351, 1.4003982793896546, 1.399031545551515, 1.4008543602115413, 1.3999565581579545, 1.400380496405089, 1.4006218009098443, 1.39945399079601, 1.3994639559731905, 1.399897156085786, 1.4004600358978638, 1.3997823963472302, 1.4002845049147847, 1.399704800702382, 1.3999695830609924, 1.3999695830609924, 1.3999695830609924, 1.3999695830609924, 1.3999695830609924]
[-7.616129948928574e-14, 1.3684138266967238e-09, 1.9662186101498946e-08, 1.04729853012131e-07, 3.678312594512789e-07, 1.0256477973591416e-06, 2.476701811637838e-06, 5.420101066633265e-06, 1.1060452362210427e-05, 2.147921987538659e-05, 4.230003782601521e-05, 0.00015431403957899548, 0.0005691735208634974, 0.0016457901125197516, 0.003932729736584317, 0.006937493213385659, 0.0070049733639041545, 0.007082056957292027, 0.007180600651108593, 0.007289846429896718, 0.007418163777635822, 0.0075729626820604246, 0.007771035710149254, 0.007997533734699802, 0.008256272601369075, 0.008403427768585381, 0.008403427768585381, 0.008403427768585381, 0.008403427768585381, 0.008403427768585381]
[0.04957286432160804, 0.049771155778894474, 0.05016773869346734, 0.050564321608040204, 0.050960904522613065, 0.05155577889447237, 0.05195236180904523, 0.052547236180904525, 0.05314211055276382, 0.05393527638190955, 0.054530150753768845, 0.055323316582914575, 0.05631477386934674, 0.05710793969849247, 0.05829768844221106, 0.05928914572864322, 0.060478894472361815, 0.061668643216080406, 0.06266010050251257, 0.06365155778894473, 0.06444472361809045, 0.06484130653266332, 0.06444472361809045, 0.06325497487437187, 0.06067718592964824, 0.05790110552763819, 0.05790110552763819, 0.05790110552763819, 0.05790110552763819, 0.05790110552763819]
[210.3754532486053, 648.6208820698182, 207.0039086251911, -947.8652407558059, 189.59546800680542, 182.24582053587991, 177.60505327005276, 170.54762350366687, -2469.469557016508, -1578.8021317911796, 150.47112424517573, 146.7795249041907, 146.24988575771283, 151.3626311340062, -9925.777517430954, 195.2440865332941, 483.9390972461896, 283.93596316348146, 309.60749526608953, 329.7188420422624, 351.64193799563935, 372.8789961858181, 396.5562370874153, 425.49221384883106, 458.1025731069584, 479.43981078716905, 479.43981078716905, 479.43981078716905, 479.43981078716905, 479.43981078716905]
[-2.057713865966093e-06, 0.03686940239809822, 0.07949914903019639, 0.12771171743882803, 0.17603847716324061, 0.22939029329912053, 0.2844257422409058, 0.34515706052874506, 0.40828135857397285, 0.4749533047342318, 0.5278501446140673, 0.5298169581587366, 0.5320668149623966, 0.5347110891194244, 0.5372258934620575, 0.5395627570580412, 0.5429068975587636, 0.5466073056261163, 0.5520562569849972, 0.5570925944106762, 0.5616675543672436, 0.569337927364236, 0.5780190821775495, 0.5879380092786199, 0.5993984498506038, 0.6061058732760376, 0.6061058732760376, 0.6061058732760376, 0.6061058732760376, 0.6061058732760376]
[-7.616129948928574e-14, 1.3684138266967238e-09, 1.9662186101498946e-08, 1.04729853012131e-07, 3.678312594512789e-07, 1.0256477973591416e-06, 2.476701811637838e-06, 5.420101066633265e-06, 1.1060452362210427e-05, 2.147921987538659e-05, 3.283644578910838e-05, 3.310806877077077e-05, 3.331008624063436e-05, 3.3630100452874956e-05, 3.389449854740434e-05, 3.4220374292237565e-05, 3.456610117114067e-05, 3.496523546742125e-05, 3.547768645417726e-05, 3.604317968153303e-05, 3.6704941739573727e-05, 3.750435130234209e-05, 3.853720455970766e-05, 3.971089368204339e-05, 4.1061663089037026e-05, 4.182882819336875e-05, 4.182882819336875e-05, 4.182882819336875e-05, 4.182882819336875e-05, 4.182882819336875e-05]
[0, 0, 0, 0, 0, 0, 0, 0, 0, 0, 0, 0, 0, 0, 0, 0, 0, 0, 0, 0, 0, 0, 0, 0, 0, 0, 0, 0, 0, 0]
