[0.6115601157969819, 0.6220185282113236, 0.6326557920376578, 0.6434749658499153, 0.6544791605273147, 0.665671540148845, 0.6770553229030457, 0.6886337820133452, 0.7004102466792234, 0.7123881030334692, 0.724570795115809, 0.736961825863184, 0.7495647581169644, 0.7623832156473865, 0.7754208841955089, 0.7886815125329892, 0.8021689135399821, 0.8158869653014718, 0.829839612222353, 0.8440308661615813, 0.8584648075857181, 0.8731455867422032, 0.8880774248526923, 0.9032646153267999, 0.9187115249966016, 0.9344225953722455, 0.9504023439190372, 0.966655365356364, 0.9831863329788326, 1.0]
[10.80055081925025, 10.815418834103397, 10.820728839408092, 10.835596854261238, 10.854712873358142, 10.860022878662837, 10.87913889775974, 10.888696907308193, 10.908874927466034, 10.915010933595903, 10.935749454313687, 10.9488474673986, 10.968494487025975, 10.98050099902048, 11.00342252191908, 11.017612036094405, 11.03289305136014, 11.051448569897104, 11.06345508189161, 11.078736097157343, 11.094017112423078, 11.11038962877922, 11.123487641864136, 11.136585654949052, 11.155141173486015, 11.16933068766134, 11.184611702927073, 11.200984219283217, 11.215616233900601, 11.2324312506988]
[0.0007654587232703847, 0.023921209854027126, 0.048852307814536644, 0.0751388778514972, 0.10198815185754384, 0.12864008026860674, 0.15601224406509928, 0.18310872752923935, 0.21228332763826963, 0.2390449574886322, 0.26948348165265124, 0.2990383519483011, 0.3287355627543267, 0.35801388067068807, 0.39093621949440305, 0.42209095567025834, 0.45409148589051895, 0.4850017043542536, 0.5146767065340363, 0.5446002689473417, 0.5753404134424063, 0.6058441814437074, 0.6371453826250164, 0.6691961499249892, 0.7024052388072644, 0.7374609825899672, 0.7739117116418193, 0.7928009050831957, 0.7960019563364167, 0.7979490462621417]
[1.3990599529989267, 1.4000509000555599, 1.400966967017386, 1.3996142896743362, 1.4003986677083842, 1.3989400240684828, 1.399592540315869, 1.4001705550852577, 1.4006743328379125, 1.398994022671329, 1.399366008713022, 1.3996638781608883, 1.3998879091845355, 1.4000380804579806, 1.400114751594535, 1.4001178008783948, 1.4000475178241913, 1.3999042215574145, 1.399687975161404, 1.3993997567099186, 1.399040220541963, 1.4005367840672356, 1.4000234379093124, 1.3994423921353096, 1.4006762645728164, 1.3999539973427098, 1.399173371217037, 1.4001662229087173, 1.399271417553666, 1.400145669235173]
[1.212363542890671e-13, 4.4773251772767253e-10, 4.955403420936477e-09, 2.2641907015952256e-08, 6.921550976812796e-08, 1.6816990222601191e-07, 3.5445551405111075e-07, 6.721760186234604e-07, 1.1877307599661435e-06, 1.975732578651801e-06, 3.1520475736179776e-06, 4.835209928444328e-06, 7.219296385141405e-06, 1.0481545894114319e-05, 1.4971723072410015e-05, 2.095301671078964e-05, 3.0290994851300823e-05, 5.5040884749502084e-05, 0.00011037197912311392, 0.00021418811231233015, 0.0003875368929600054, 0.0006537785407148, 0.0010398241644680173, 0.0015726346523947665, 0.0022842322214033928, 0.0032121485749458945, 0.004413137867597339, 0.005144339034427237, 0.005176776839205477, 0.00520617295696324]
[0.05909085427135679, 0.05948743718592965, 0.05988402010050252, 0.06008231155778895, 0.060478894472361815, 0.06067718592964824, 0.06107376884422111, 0.06147035175879398, 0.06186693467336684, 0.06206522613065327, 0.062461809045226135, 0.062858391959799, 0.06325497487437187, 0.06365155778894473, 0.0640481407035176, 0.06444472361809045, 0.06484130653266332, 0.06523788944723619, 0.06563447236180905, 0.06603105527638192, 0.06642763819095478, 0.06702251256281408, 0.06741909547738695, 0.0678156783919598, 0.0684105527638191, 0.06880713567839197, 0.06920371859296483, 0.06979859296482413, 0.070195175879397, 0.07079005025125629]
[78.23800204496212, 310.08085651473664, -845.3204211886707, 77.32216854717954, 390.8934862234036, 76.75633785721584, 277.1186123378861, 74.6819091401296, 542.9406340627543, -523.643324148483, 244.3987225760515, 72.41970309067152, 71.90044637052863, 70.52161120060282, 4076.2269818803547, 69.58899571236546, 69.40083506195658, -480.7909368206358, 69.07814613336622, 69.64193366264249, -880.254597673356, 71.65156769313938, 509.68834720200965, 75.58117738450494, 77.80700166391071, -4636.336788800147, 84.45775345843172, 5172.421024866759, 459.6793997778229, 332.3912750351752]
[0.0007654587232703847, 0.023921209854027126, 0.048852307814536644, 0.0751388778514972, 0.10198815185754384, 0.12864008026860674, 0.15601224406509928, 0.18310872752923935, 0.21228332763826963, 0.2390449574886322, 0.26948348165265124, 0.2990383519483011, 0.3287355627543267, 0.35801388067068807, 0.39093621949440305, 0.42209095567025834, 0.4344057327584281, 0.43653177463424697, 0.4380551207890253, 0.4392701175580651, 0.4411053022223079, 0.44238406204955005, 0.4435691069020091, 0.4451956457306707, 0.446210369915768, 0.44832397148651104, 0.4503238945276884, 0.45197604093816324, 0.45377328938177186, 0.4547582585384422]
[1.212363542890671e-13, 4.4773251772767253e-10, 4.955403420936477e-09, 2.2641907015952256e-08, 6.921550976812796e-08, 1.6816990222601191e-07, 3.5445551405111075e-07, 6.721760186234604e-07, 1.1877307599661435e-06, 1.975732578651801e-06, 3.1520475736179776e-06, 4.835209928444328e-06, 7.219296385141405e-06, 1.0481545894114319e-05, 1.4971723072410015e-05, 2.095301671078964e-05, 2.344084707250893e-05, 2.3615586528302757e-05, 2.373142607536849e-05, 2.3887670072664235e-05, 2.403957218244379e-05, 2.415553579959706e-05, 2.4297484303437145e-05, 2.443714819211351e-05, 2.458879596689556e-05, 2.4740058045980007e-05, 2.490714577629838e-05, 2.5037259145710422e-05, 2.5204249022969805e-05, 2.5351453223798615e-05]
[0, 0, 0, 0, 0, 0, 0, 0, 0, 0, 0, 0, 0, 0, 0, 0, 0, 0, 0, 0, 0, 0, 0, 0, 0, 0, 0, 0, 0, 0]
